2 4 3
2 5 6 7 8 9 10 3
2 11 12 13 14 3
2 4 3
2 11 12 13 14 15 16 9 17 18 19 3
2 17 20 21 22 23 24 3
2 17 25 9 20 26 21 24 3
2 29 30 31 32 33 34 35 36 3
2 29 30 31 32 33 34 35 36 37 38 23 39 40 3
2 41 42 9 43 44 45 46 47 48 3
2 29 30 31 32 33 34 35 36 3
2 50 9 51 21 52 53 54 55 9 56 57 3
2 17 58 21 59 60 47 61 40 3
2 29 30 29 62 46 63 39 64 65 3
2 66 21 59 60 47 61 40 3
2 47 58 21 59 60 47 61 40 3
2 67 9 68 69 70 3
2 71 72 21 73 3
2 74 9 75 76 77 75 78 79 80 75 81 82 83 9 84 3
2 75 85 15 86 87 88 74 9 89 82 83 9 84 3
2 90 91 67 46 75 92 11 21 93 94 95 88 75 13 96 97 3
2 74 9 75 76 77 80 75 81 82 83 9 84 3
2 75 98 99 95 88 75 100 101 102 103 29 3
2 104 105 106 107 21 108 109 3
2 74 9 75 76 77 75 78 79 80 75 81 82 83 9 84 3
2 112 113 29 114 3
2 74 9 75 76 77 80 75 81 23 115 3
2 75 85 15 86 87 88 110 21 23 107 111 3
2 75 85 15 86 87 88 110 21 23 107 111 3
2 75 85 15 86 87 88 110 21 23 107 111 3
2 99 116 9 117 21 118 3
2 117 3
2 29 30 129 41 130 9 47 86 46 131 9 132 40 3
2 29 30 133 134 135 46 131 9 132 40 3
2 41 130 9 47 86 136 137 138 46 131 9 47 139 40 3
2 17 140 27 141 9 142 44 143 60 145 3
2 17 140 27 141 9 142 44 143 60 146 3
2 17 140 27 141 9 142 44 143 60 148 3
2 155 44 41 141 156 29 157 158 3
2 159 3
2 160 161 3
2 162 3
2 163 3
2 163 164 165 166 3
2 159 110 167 3
2 168 44 143 164 47 169 3
2 170 171 3
2 17 140 27 141 44 143 60 172 3
2 15 173 110 21 47 158 3
2 110 21 47 158 3
2 174 3
2 29 157 175 176 3
2 29 157 175 176 3
2 4 3
2 99 179 180 21 34 181 21 99 182 9 183 184 185 186 187 46 99 68 188 164 47 167 3
2 181 21 189 190 9 191 192 179 3
2 4 3
2 41 193 194 44 195 3
2 23 179 180 196 46 195 3
2 17 140 27 197 180 21 59 195 3
2 41 198 46 199 44 200 3
2 201 198 44 200 3
2 41 202 53 167 44 115 3
2 203 167 21 115 3
2 204 3
2 205 53 115 3
2 17 206 207 53 115 21 208 3
2 17 209 9 203 115 21 210 3
2 17 213 53 115 21 22 23 214 3
2 23 215 216 13 217 218 23 219 3
2 23 167 13 220 221 105 222 223 3
2 23 215 224 225 21 226 3
2 23 227 21 228 3
2 23 227 21 228 3
2 23 167 21 229 230 3
2 23 231 21 232 3
2 23 231 21 232 3
2 23 215 216 13 217 218 23 219 3
2 203 167 13 233 23 234 235 3
2 203 167 13 233 23 234 235 3
2 17 140 27 236 237 238 34 239 21 59 60 47 169 3
2 17 209 21 9 210 3
2 17 209 21 9 210 3
2 240 17 209 9 241 21 9 210 3
2 210 242 3
2 210 242 3
2 17 246 247 32 203 167 21 9 245 3
2 245 3
2 15 250 203 167 13 251 245 3
2 41 236 115 252 253 203 254 3
2 163 3
2 163 29 256 257 258 53 259 9 260 261 9 262 27 236 9 47 234 3
2 263 185 264 265 266 32 75 34 99 267 268 269 75 270 271 3
2 29 30 272 273 274 275 276 3
2 110 21 47 158 3
2 41 277 278 279 164 280 3
2 41 277 278 279 164 280 3
2 41 277 278 279 164 280 3
2 41 277 278 279 164 280 3
2 27 281 282 27 283 15 284 285 17 286 3
2 41 287 288 289 99 290 291 53 292 293 3
2 99 294 295 124 41 296 297 32 27 296 3
2 27 298 299 164 41 300 301 27 302 303 304 305 3
2 308 27 300 309 282 99 310 9 311 312 3
2 313 314 315 316 53 317 318 3
2 313 314 315 316 53 317 318 3
2 15 319 320 321 44 15 190 3
2 4 3
2 322 9 323 324 315 325 282 326 3
2 17 327 328 218 23 24 3
2 263 23 24 3
2 23 24 3
2 11 12 13 14 3
2 17 140 27 167 21 329 3
2 23 167 23 330 331 21 332 3
2 23 24 3
2 333 334 335 11 12 13 336 3
2 17 25 9 20 21 22 23 24 3
2 11 12 13 14 3
2 163 3
2 163 3
2 74 337 338 339 3
2 74 340 17 341 3
2 74 340 342 303 343 3
2 344 3
2 344 3
2 345 3
2 345 346 347 3
2 345 348 347 3
2 9 349 347 3
2 9 349 347 3
2 9 349 350 3
2 5 29 15 351 3
2 285 352 3
2 74 3
2 163 353 110 21 47 354 3
2 163 355 201 357 3
2 163 29 30 46 131 9 47 139 40 3
2 358 3
2 359 360 3
2 11 220 363 46 364 17 365 9 335 236 3
2 11 220 363 46 364 17 365 9 335 236 3
2 11 220 363 46 364 17 365 9 335 236 3
2 203 366 367 368 46 369 3
2 23 366 367 46 124 370 9 369 3
2 371 27 274 143 44 164 23 343 3
2 371 27 274 143 44 164 23 343 3
2 163 3
2 373 3
2 374 3
2 185 375 17 376 21 377 3
2 185 375 17 376 21 377 3
2 5 378 379 124 29 380 3
2 5 378 379 124 29 380 3
2 5 378 379 124 29 380 3
2 5 378 379 124 29 114 3
2 381 3
2 163 3
2 11 220 75 38 32 382 34 383 29 384 164 385 3
2 11 220 75 38 32 382 34 383 29 384 164 385 3
2 11 220 75 38 32 382 34 383 29 384 164 385 3
2 11 220 75 38 32 382 34 383 29 384 164 385 3
2 11 220 75 38 32 382 34 383 29 384 164 385 3
2 11 220 75 38 32 382 34 383 29 384 164 385 3
2 163 17 386 21 9 358 3
2 381 99 387 388 358 15 250 3
2 163 3
2 389 390 3
2 23 391 392 9 393 274 21 59 164 23 343 3
2 23 391 21 59 164 23 343 3
2 163 5 29 394 395 15 396 397 3
2 17 386 9 47 224 398 9 399 3
2 17 386 9 47 224 398 9 399 3
2 17 386 9 47 224 398 9 399 3
2 17 386 9 47 224 398 9 399 3
2 17 386 9 47 224 398 9 399 3
2 17 386 9 47 224 398 9 399 3
2 17 386 9 47 224 398 9 399 3
2 17 386 9 47 224 398 9 399 3
2 306 284 3
2 400 105 401 402 165 25 29 403 23 383 3
2 404 3
2 404 3
2 17 408 21 409 3
2 17 410 411 412 413 3
2 11 414 9 415 99 416 417 3
2 263 418 9 278 419 17 356 5 6 3
2 11 12 255 236 15 421 3
2 255 236 9 17 422 423 15 203 424 3
2 23 234 426 425 236 3
2 23 234 426 427 236 3
2 11 220 428 415 99 429 75 430 29 431 9 432 433 3
2 163 3
2 263 99 434 435 74 124 47 436 390 3
2 263 437 80 89 438 3
2 75 439 143 53 440 303 441 9 442 46 443 3
2 340 23 83 444 3
2 5 445 17 446 3
2 75 447 273 287 448 243 3
2 9 17 449 27 406 46 450 53 451 452 3
2 23 304 305 21 63 453 9 454 66 13 455 46 456 282 457 285 29 17 458 46 9 459 460 3
2 41 202 53 167 44 115 3
2 161 3
2 461 3
2 71 3
2 170 462 3
2 463 47 169 124 185 464 465 53 234 3
2 463 47 169 3
2 466 46 17 35 46 131 9 47 169 3
2 463 47 169 3
2 463 47 169 3
2 29 30 29 467 53 425 3
2 29 30 29 467 53 468 3
2 29 30 29 467 53 469 3
2 29 30 29 467 53 470 3
2 29 30 29 467 53 470 3
2 29 30 29 467 53 471 3
2 263 472 3
2 461 3
2 461 3
2 41 473 44 474 3
2 41 473 44 474 3
2 23 167 23 330 331 21 332 3
2 17 386 53 224 21 475 9 399 3
2 23 476 21 477 3
2 463 47 169 3
2 11 12 255 236 15 421 3
2 29 157 478 46 199 3
2 29 479 199 41 480 3
2 11 481 46 482 3
2 340 483 27 484 3
2 23 485 9 142 9 47 486 21 487 3
2 463 41 490 9 449 143 164 47 169 3
2 4 3
2 499 23 500 501 164 502 9 47 169 3
2 503 134 504 21 15 505 9 506 3
2 29 30 507 468 3
2 29 30 508 53 469 3
2 29 30 509 470 3
2 17 512 21 59 3
2 29 30 496 497 513 3
2 17 140 27 197 180 21 59 195 3
2 11 12 13 514 3
2 515 3
2 219 3
2 516 3
2 517 3
2 518 3
2 219 3
2 23 451 9 203 167 21 9 519 3
2 23 520 21 9 521 3
2 522 3
2 17 523 21 9 524 3
2 17 523 21 9 524 3
2 23 525 53 526 21 527 3
2 23 528 21 17 422 529 3
2 23 48 532 185 386 9 533 534 46 535 536 3
2 203 167 115 412 537 3
2 5 6 538 7 539 105 540 541 53 167 34 105 179 180 225 3
2 543 60 23 544 545 60 23 546 547 63 548 549 29 431 46 17 550 551 263 552 9 334 553 3
2 163 554 75 555 8 363 15 556 124 557 7 558 67 46 75 559 3
2 333 17 365 231 17 408 53 560 21 561 46 562 9 203 167 3
2 5 6 7 60 17 365 231 3
2 163 11 412 563 17 504 124 564 11 13 96 565 3
2 9 393 41 236 263 566 567 412 568 23 383 46 47 158 3
2 543 29 30 507 23 366 569 124 29 570 60 47 429 3
2 571 549 572 269 163 573 23 366 569 29 574 575 576 577 578 34 330 579 3
2 580 3
2 7 177 53 581 32 582 29 583 9 584 47 585 586 3
2 17 587 588 9 203 167 21 589 60 23 48 9 533 3
2 17 587 9 203 167 590 137 591 9 82 592 452 593 82 594 9 595 60 56 3
2 17 587 588 9 203 167 21 596 60 47 48 9 533 3
2 23 587 9 597 9 203 167 13 96 19 598 9 599 9 600 601 48 3
2 263 185 356 602 567 603 604 605 285 334 606 69 99 607 3
2 263 185 608 609 9 610 611 269 612 47 613 3
2 538 29 256 53 491 9 236 614 282 615 124 7 263 185 101 616 462 3
2 4 3
2 9 617 618 619 3
2 23 623 53 624 21 625 60 47 48 9 533 124 203 167 23 624 21 9 626 3
2 17 449 27 627 21 99 366 15 505 506 15 284 285 41 628 9 629 3
2 17 630 53 631 21 99 632 633 282 539 53 634 257 635 636 330 9 637 164 23 638 9 629 34 285 639 53 366 640 3
2 110 21 23 167 111 3
2 203 644 649 590 508 15 86 9 650 651 80 89 47 356 3
2 23 653 27 654 46 17 142 143 44 655 164 17 656 167 657 658 3
2 11 119 9 63 659 261 657 366 660 3
2 23 661 662 393 41 663 664 593 562 53 167 263 99 665 666 282 667 3
2 29 668 7 669 409 3
2 671 34 672 3
2 63 366 673 124 674 211 368 46 675 41 676 677 9 678 679 15 421 3
2 63 366 673 124 674 211 368 46 675 41 676 677 282 9 678 679 3
2 75 680 681 164 203 644 60 23 682 105 683 684 75 29 685 686 9 687 688 3
2 17 213 53 115 21 22 23 214 3
2 23 48 9 533 689 690 23 214 3
2 691 112 113 29 114 3
2 170 171 390 692 63 366 693 34 694 695 696 3
2 697 692 63 366 693 34 694 695 696 3
2 124 160 415 692 63 366 693 34 694 695 696 3
2 110 21 23 435 9 699 282 700 701 3
2 32 702 29 703 451 3
2 80 704 23 435 9 699 282 700 705 3
2 17 630 53 631 21 99 632 633 282 539 53 634 257 635 636 330 9 637 164 23 638 9 629 34 285 639 53 366 640 3
2 47 551 706 21 59 60 23 544 545 3
2 17 449 27 627 21 99 366 15 505 506 15 284 285 41 628 9 629 3
2 41 707 9 201 708 44 143 60 23 544 545 3
2 263 418 9 41 710 165 21 17 18 711 712 3
2 165 21 17 18 711 712 3
2 713 462 63 366 714 285 63 715 716 567 29 717 9 718 41 236 164 17 365 9 719 451 3
2 75 430 29 431 3
2 263 185 170 171 720 9 513 721 3
2 74 9 75 38 203 644 13 34 398 723 15 724 3
2 67 9 725 110 21 23 167 111 3
2 726 303 304 63 453 9 454 727 728 575 729 3
2 733 167 330 331 21 732 3
2 733 167 330 331 21 732 3
2 4 3
2 734 3
2 255 236 9 17 422 423 3
2 345 3
2 345 3
2 345 3
2 345 3
2 255 236 9 17 422 423 3
2 203 167 115 412 537 3
2 17 246 247 32 203 167 21 9 245 3
2 11 13 735 245 3
2 345 3
2 66 21 46 732 3
2 733 167 21 46 732 3
2 306 284 342 303 21 407 3
2 66 21 46 732 3
2 11 12 13 14 3
2 17 25 9 20 26 21 24 3
2 737 738 74 3
2 737 738 74 3
2 5 378 99 739 9 740 741 742 743 744 3
2 748 3
2 404 3
2 749 5 90 750 67 3
2 749 5 90 750 67 3
2 9 349 3
2 9 349 3
2 303 753 3
2 46 754 3
2 46 330 3
2 755 3
2 756 3
2 4 3
2 4 3
2 4 3
2 4 3
2 4 3
2 4 3
2 4 3
2 4 3
2 4 3
2 4 3
2 4 3
2 749 5 90 750 67 3
2 203 167 13 244 245 3
2 749 5 90 758 67 759 760 60 17 365 9 335 3
2 17 327 328 218 23 24 3
2 498 3
2 4 3
2 761 3
2 761 3
2 761 3
2 761 3
2 761 3
2 762 3
2 4 3
2 763 3
2 4 3
2 345 3
2 345 3
2 345 3
2 737 738 282 764 3
2 112 5 742 765 3
2 737 738 282 764 3
2 740 278 758 46 769 505 770 771 772 3
2 774 3
2 74 46 754 3
2 9 349 3
2 777 778 269 5 90 779 67 8 573 5 378 780 781 46 765 3
2 549 571 782 783 784 3
2 749 5 90 750 67 549 571 782 783 784 3
2 5 378 99 739 785 5 378 60 17 786 3
2 549 571 782 783 784 3
2 787 3
2 13 160 788 3
2 789 3
2 761 3
2 749 5 90 758 67 759 760 60 17 365 9 335 3
2 749 5 90 758 67 759 760 60 23 365 9 335 3
2 749 5 90 758 67 790 760 60 17 365 9 335 3
2 210 242 3
2 17 246 247 32 687 236 21 9 245 3
2 345 3
2 23 167 23 330 331 21 332 3
2 74 46 764 791 3
2 303 753 3
2 303 753 3
2 345 3
2 66 21 46 732 3
2 733 167 21 46 732 3
2 66 21 46 732 3
2 75 85 15 86 87 88 110 21 23 107 111 3
2 75 85 15 86 87 88 110 21 23 107 111 3
2 75 85 15 86 87 88 110 44 41 792 793 3
2 23 167 330 331 21 9 332 3
2 23 167 330 331 21 9 332 3
2 255 3
2 255 3
2 794 3
2 255 3
2 203 167 115 412 537 3
2 203 167 115 412 537 3
2 203 167 115 412 537 3
2 737 738 282 764 3
2 737 738 3
2 737 738 282 764 3
2 4 3
2 4 3
2 5 378 379 124 795 3
2 5 378 379 124 795 3
2 5 378 23 739 9 740 741 742 743 744 3
2 5 378 23 739 9 740 741 742 743 744 3
2 5 378 23 739 9 740 741 742 743 744 3
2 55 390 26 391 32 392 3
2 337 14 338 339 330 340 296 341 3
2 55 390 26 391 32 392 3
2 255 3
2 11 12 13 255 3
2 737 738 3
2 737 738 74 3
2 4 3
2 737 738 74 3
2 4 3
2 4 3
2 730 731 21 46 732 3
2 11 12 13 736 3
2 11 12 13 736 3
2 737 738 282 764 3
2 306 284 342 303 21 407 3
2 306 284 342 303 21 407 3
2 11 220 363 46 364 17 365 9 335 236 3
2 4 3
2 4 3
2 4 3
2 755 3
2 4 3
2 17 140 27 193 29 44 797 15 798 799 3
2 163 737 738 3
2 163 74 5 445 160 3
2 749 5 90 750 67 3
2 749 5 90 750 67 800 17 748 3
2 749 5 90 750 67 3
2 5 801 549 137 802 390 3
2 345 3
2 5 803 804 5 378 185 805 806 3
2 17 731 13 96 807 229 669 732 3
2 66 21 46 732 3
2 23 234 21 808 9 809 3
2 163 355 47 356 3
2 163 355 47 356 3
2 345 346 347 3
2 345 5 803 804 112 113 29 114 3
2 5 378 804 23 8 810 739 806 3
2 461 811 110 116 3
2 66 21 46 732 3
2 163 5 378 379 124 29 114 3
2 163 538 741 813 27 814 5 378 379 124 765 3
2 4 3
2 4 3
2 4 3
2 47 167 13 735 245 3
2 438 27 775 776 3
2 255 236 9 17 422 423 681 3
2 766 3
2 4 110 48 816 3
2 80 89 47 815 3
2 80 89 47 815 3
2 80 89 47 815 3
2 80 89 47 815 3
2 201 817 44 818 164 23 819 799 3
2 345 3
2 766 3
2 11 12 13 809 3
2 255 236 9 17 422 423 681 3
2 17 821 9 203 167 21 822 3
2 345 3
2 255 236 9 17 422 423 3
2 345 3
2 47 731 21 732 3
2 255 236 44 15 39 3
2 564 3
2 742 741 89 564 3
2 809 823 239 3
2 824 3
2 741 742 89 582 3
2 5 6 7 8 9 10 3
2 5 6 7 8 9 10 3
2 5 378 379 124 795 3
2 825 242 3
2 826 242 3
2 826 242 3
2 29 30 827 7 164 17 748 3
2 748 3
2 373 3
2 373 3
2 75 270 809 143 3
2 163 3
2 829 44 830 164 47 798 799 3
2 543 29 30 831 832 285 833 27 834 143 164 23 343 3
2 23 551 706 835 21 59 60 47 544 545 3
2 17 327 328 218 23 24 3
2 23 24 3
2 165 21 23 167 111 3
2 373 360 3
2 345 3
2 345 3
2 345 3
2 345 3
2 46 754 3
2 74 836 76 96 837 3
2 4 3
2 5 23 6 3
2 17 58 21 59 60 47 61 40 3
2 32 702 29 703 451 3
2 23 451 263 23 838 839 840 841 3
2 838 839 840 841 3
2 838 839 840 841 3
2 23 520 842 196 303 838 839 840 841 571 843 791 451 3
2 17 206 207 53 115 21 208 3
2 17 206 207 53 115 21 208 3
2 4 3
2 4 3
2 17 386 53 224 21 9 652 536 3
2 203 848 9 406 13 251 245 3
2 333 334 335 41 410 27 406 21 411 3
2 63 366 673 124 674 696 368 46 675 41 676 677 9 678 679 3
2 855 63 366 673 59 164 23 343 3
2 63 366 673 124 674 696 368 46 675 41 676 677 9 678 679 3
2 163 668 7 669 409 9 409 3
2 17 327 21 22 23 24 3
2 23 167 59 21 856 60 47 61 40 3
2 9 5 378 742 765 15 250 3
2 23 167 21 566 567 13 96 858 3
2 74 5 378 379 124 29 380 3
2 11 119 9 335 859 164 17 35 860 53 167 3
2 163 5 29 861 185 862 3
2 17 25 9 20 21 589 60 47 61 40 3
2 159 165 21 47 356 3
2 4 3
2 17 863 27 406 21 407 3
2 864 3
2 580 3
2 245 3
2 463 47 169 3
2 11 220 865 17 365 9 335 866 3
2 67 9 725 110 21 23 167 111 3
2 63 366 673 124 674 696 368 46 675 41 676 698 212 3
2 63 366 673 124 674 696 368 46 675 41 676 698 212 3
2 697 692 63 366 693 34 694 695 696 3
