4 5 6 7
8 4 5 6 7
9 10 5 11 12
4 5 13 14
9 10 5 13 14
15 10 16 17 18
16 10 18
20 10 21
22 20 10 21
23 10 21
24 25 26 27 10 21
28 10 29
30 31 32 33
29
33
30 31 34 33
35 36 34 33
37 35 36 38 34 33
39 13 40
41 39 31 42
43 41 39 31 42
41 39 44 45 46 47 48 49
4 50 44 25 51 52
9 10 53 54 55 41 56
57 39 44 58 59 51
35 60 61
57 18 62 63
41 39 64 65
41 39 44 66 46
41 39 44 66 51
9 10 53 54 67 57 56
9 10 53 54 49 41 68
72 73 74 75
72 73 26 76 77 6 74 75
72 73 78 76
79 25 26 80 10 82
79 25 26 80 10 83
79 25 26 80 10 85
79 25 26 80
35 94 95 4 96 10 81
35 94 95 4 96 10 85
35 94 95 4 96 10 82
35 94 95 4 96 10 83
35 94 95 4 96 97
35 94 95 4 96 10 98
35 94 99 78 100
35 94 95 4 96 101
79 25 26 80 102
22 103
79 103
104 47 105 10 106
9 107 108 109
24 25 26 110 111
104 112
113 70 57 114 115
47 116 117
118 57 119
79 25 26 125 126 26 5
69 70 127 128 114 115
79 25 26 129 130
24 25 26 131 6 132
24 25 26 131
24 25 26 133 10 128 18
22 31 41 134 10 128 18
22 31 41 20 10 135 10 128 18
22 31 41 20 136
90 31 32 137 138 17 18
90 31 32 139 10 128 18
90 31 32 143 10 98 10 128 18
90 31 32 91 143 144 10 128 18
22 31 41 20 145 17 18
90 31 32 91 143 148 10 128 18
118 4 151
118 4 152
90 31 32 153 10 128 18
90 31 32 154 10 128 18
22 31 41 155 10 128 18
90 31 32 143 10 32 91 156
157 128 18 31 158 159 41 160
69 90 143 128 18 69 161 162 159 41 160
79 25 26 5 163
104 47 41 140 10 139 10 164 31 165
104 47 32 139 10 164 31 166
90 69 161 32 139 10 164 167
90 69 161 32 139 10 164 168 169
90 69 161 32 139 10 164 128 170
9 10 172 69 173 128 18 128 170
9 10 172 69 173 128 18 168 169
22 31 41 174 175 10 128 18
104 47 4 5 176 177 128 178
8 41 179 144
8 180 181 17 179 144
113 70 57 182
183 184
79 185
35 94 186
35 36 186
35 94 187
35 94 188 189 190
79 191
24 192
26 193 10 128 190
79 193
79 195
24 196
4 197 198 32 199
159 90 200
201
202 10 203
156
157 32 156
113 157 32 156
9 10 204
24 25 26 204
43 35 60 205
157 206 32 207
9 10 208
90 143 31 212 4 5
9 10 204
213 214 4 215
113 57 182 10 216
35 60 219
35 36 220 128 182
221 182 222
223
224
225
225 226
225 227
228 226
228 227
228 229
228 10 221 230
228 54 26 231
113 232
233 234 235
233 4 237
209 210 239 189 238
32 240 17 190
41 190 241 9 10 53
233 242 57 243 10 18
233 242 57 245 10 18
233 246 57 18
69 70 71 128 182
247 128 182
79 25 26 248 185 102
79 25 26 185
209 213 69 4 249 250 251
252 10 253
9 10 254 255 190
209 213 69 9 256
209 257 4 208 168 171
233 234 235
233 234 261 262
233 234 10 231
233 4 237
41 190 263 264 6 88 254
265 266 267 26 49
72 49 54 268
263 270 271 10 268
35 272 186 6 57 190
269 54 26 273 265 173 72
263 270 271 10 268
274 270 186
113 57 190 276 277
278 279 86 280 281 32 282
213 69 283 88 284 10 128 182
104 57 182 285 286 287
288 180 289 290 4 185
30 274 291 41 292 4 293 294
8 32 295 296
35 300 10 301
35 300 10 302
35 300 10 303
35 300 10 304
35 300 10 305
35 300 10 307 122 308
35 300 10 309
35 300 17 310 122 311
35 60 312
35 60 313
22 53 314 6 301
22 31 41 53 6 301
90 31 32 318 4 317
32 319 4 317 320 321
26 317 121 122 322 323
233 324 47 128 18 325 122 326
9 10 18 25 122 327
9 10 5 328
9 10 5 25 329 159 41 160
9 10 5 159 41 160
330 198 32 23 261 331
297 299 41 327 4 5
332 168 333
35 334 51 168 333
24 25 335 336 337
274 95 41 338 17 339
35 342 51 343 221 236
79 25 26 345 17 346 347
79 348
122 70 41 346 347 349
24 25 26 133 350 10 128 18
35 94 95 57 351
35 94 95 57 351 126 149 10 32 352
35 94 95 57 351 126 149 4 5
35 94 353 57 351
35 94 354 57 323 10 32 352
35 94 353 57 323 17 160
35 94 99 30 25 26 5
35 94 99 30 25 355 26 5
35 36 356 30 25 26 5
22 18 274 357 167
22 18 31 358 159 359
22 18 31 358 128 360
22 18 31 358 361 362
9 10 5 25 102 361 362
9 10 5 25 102 128 363
35 94 38 57 351
35 36 99 32 295
35 36 299 57 18
24 25 26 364
24 25 26 364 6 132
365 41 18 41 46 366
22 31 41 53 367 212
22 31 41 368 369 4 370
35 36 371 74 372
373 31 126 32 150
9 10 374
79 25 26 375 376
22 31 41 252 377
22 31 378 4 379
22 31 41 380 10 81
35 36 41 292 4 383 384
8 32 295 164
22 31 41 390
22 31 41 390 4 391
43 35 392 159 57 359 22 18 393
43 35 392 128 360 22 18 393
43 35 392 361 362 22 18 393
43 35 392 394 22 18 393
22 395 10 396
79 129 130
9 10 5 397
9 10 19 398
91 156
146 399 400
9 401
91 402
146 403 122 404
194 405 10 128 18
194 405 10 32 352
406 17 407
408 10 32 389
409 10 32 389
410 17 411
410 17 412
240 10 414
118 4 5 6 415
41 18 31 416
30 31 32 419 420
421 122 422
41 315 263 423
41 315 64 44 51 424 423
41 18 263 423 6 32 425
113 41 322 18 54 168 425
104 47 32 123 426
113 41 322 417
22 164
104 427
90 31 32 428 10 429
35 36 32 428 430 17 18
428 10 431 17 18
22 432 10 433 54 168 434
435 436 32 437 17 160
435 438 26 5
386 438 26 5
32 434 320 439
26 440 25 441
443 17 444
4 445
446 17 407
32 447 320 448
451 452
230 6 32 81
453 10 454 17 18
455 456
457 10 315
459
460 461
462
406 17 18 463
240 17 464
240 17 464 10 414
35 36 436 26 465
35 36 436 26 141 10 460
35 36 436 26 141 466
35 36 436 32 82
35 36 468 32 469 17 147
35 36 468 26 470 10 168 434
35 36 99 41 471 147
35 36 472 57 407
35 36 41 292 10 32 419 420
35 36 132 26 473
474 475 476 10 477
24 25 26 478 479
22 31 41 480 481
35 36 482 34 352
35 36 483 57 484 10 199
35 36 485 4 379
35 36 424 489 4 490 491 492
35 36 493 57 18
35 36 494 57 495 496
35 36 180 434
35 272 57 18
12 11 4 5 6 7
9 10 5 6 7
9 10 5 373 328
225
225
225
225
9 10 5 373 328
9 10 5 373 31 6 415
9 10 498 74 18 69 499 128 170
9 10 498 74 18 31 499 168 169
225
30 31 34 434
30 31 74 18
35 60 506
35 497 34 434
9 10 204 11 12
157 31 128 47 32 16
72 507 508
505 504 229
72 505 509
22 53 173 283
22 53 173 209 6 301
511 505 373 31 41 512
90 31 32 513 17 514
228
228 519
189 520
6 521
6 46
22 31 522 523 4 524 10 525
22 31 522 523 4 526
157 48 527 122 317 528
157 48 532 74 533
31 128 534 535 17 536 10 525
31 128 534 535 17 536 10 537
31 128 534 535 10 538 159 41 417
31 128 47 78 539 10 541 10 542 25 122 322 323
31 128 47 78 539 10 541 10 543 25 122 322 323
31 128 47 78 539 10 541 10 544 25 122 322 323
31 128 47 32 319 4 526 31 123
31 128 47 41 525 69 546 31 547 548
31 128 47 74 550 551 31 552
9 10 553 74 18 69 554 255 351 6 74 464
9 10 553 74 18 69 283 554 281 32 169
159 9 10 53 48 493 74 18
157 31 128 47 35 556 557 34 558 156
22 18 69 57 140 10 389 559
31 128 34 81 31 439 189 18
90 31 32 139 566 10 74 18
90 31 32 139 566 10 74 18 555
90 31 32 139 566 10 74 18 168 169
90 31 32 139 566 10 74 18 128 170
90 31 32 139 566 10 74 18 568
247 128 18 569 46 47 26 248
41 164 31 209 423 189 18
22 164 31 41 46 570 54 128 18
74 18 31 209 122 322 323 571 98
225
225 227
225 572
72 507 508
35 573 229
507 508
90 31 576 10 577 578
581
189 520
228
582 583
22 31 577 584
511 505 373 31 41 512 10 585
505 586 30
90 31 587 143 10 588
589
590 589
22 31 41 591 175 10 34 352
9 86 593 41 594 164 128 595
596 4 5
157 48 493 41 599 18
157 48 49 41 599 601
9 10 164 69 602 32 352 168 171
90 603 176 598 78 5
225
35 36 180 204
123 604
189 520
189 520
225
30 31 34 434
30 31 74 18
35 497 34 434
209 213 69 57 39 373 44 45 46
57 39 44 45 46
4 19 44 45 46
35 36 291 57 18 41 46 366
365 57 18 41 46 366
9 10 5 25 605 167
9 10 5 25 177
9 10 5 25 605
9 10 204 25 606
9 10 204 25 6 415
9 10 204 25 607
9 10 5 25 163
608 609 508 229
31 128 47 609 508 229
609 508 229
209 213 69 4 125
213 69 283 4 125
233 234 261 610
35 272 180 230
72 505 509
258 258 611 72
505 509 612
225
225 226
225
9 10 5 25 177
9 10 5 25 606 167
608 609 508 229
31 128 47 609 508 229
213 69 283 4 125
505 504 229
209 213 69 4 125
213 69 283 4 125
35 497 180 434
9 10 5 11 12
11 12 9 10 5
609 508 229
35 60 506
35 60 506
72 291 57 18
31 128 47 233 4 125 10 525
31 128 47 233 4 125 10 525
31 128 47 233 4 125 10 525
119 10 525
213 69 283 4 125
79 25 4 125
31 128 47 609 508 229
104 47 609 508 229
9 10 614 69 41 615
90 31 32 513 17 514
373 31 41 512
373 31 41 46 616 17 617
225
22 31 221 410
30 31 32 434
35 497 34 434
9 10 204 8
11 12 4
12 11 4
225 227
35 275 95 4 231
72 505 509
35 275 95 57 18
30 31 34 434
104 47 35 275 95 4 231
31 128 47 35 275 95 4 231
209 213 69 4 125
104 47 26 317 25 618
317 619
9 10 498 74 18 69 554
505 621 518
9 10 204 622
574
35 275 95 41 464 43 258 396
35 275 95 41 464
275 35 95 41 464
35 36 78 464
35 36 229 78 487
286 25 78 487
225
574
9 10 204 11 12
24 25 26 204 373 328
6 90 624 625 128 18
225
9 10 5 373 328
225
35 36 34 434
9 10 204 328
35 497 180 434
35 36 180 434
9 10 204 6 415
9 10 204 25 6 415
35 36 57 18
8 4 5 6 7
12 11 4 204 6 7
35 36 4 231
9 10 164 12 11 602 167
9 11 12 602 128 170
164 602 128 170
104 534 173 626 167
22 53 173 283
9 10 53 54 627 57 147 301 628
9 10 53 54 57 147 301 628
35 497 180 434 6 629
209 213 69 4 125
79 25 26 125
41 380 10 81 263 322
104 47 26 370 630 32 419 420
157 104 534 210 49 180 156
157 32 156
104 47 32 434 632 424 633
228 10 634 32 240 17 147
225
225 226
225 227
225 572
6 521
123 277
31 128 47 113 41 322 18
32 434 31 635
32 33 31 358
24 25 26 470 10 168 434
41 406 113 70
406
406
22 31 41 194 405 261 18
90 31 32 137 138 10 128 18
32 137 138 31 32 137 122 638 639 126 32 295 296 17 18
32 640 10 128 18 320 641
26 642 10 640 54 32 425 643 644
22 31 32 240 17 147
149 4 317 31 209 645
32 319 261 315
72 436 26 141 466
35 36 651 26 652 10 82
142
24 25 26 133 4 317
113 70 32 143 10 156
22 31 41 18 358
104 47 32 434 69 161
157 386 653 41 18
37 505 275 260
35 36 654 26 96 350 17 18
35 36 424 489 10 377 261 18
35 94 654 32 143 10 16 261 18
35 36 57 49 10 655 10 656
213 69 283 57 657 10 326 17 417 286 261 658 10 135
35 36 654 32 318 4 317 17 18
35 36 87 32 319 4 317
35 36 87 32 139 10 164
35 36 87 32 603 554 255 57 18
35 36 87 659 496 4 5 54 87 148 17 160
35 36 654 149 10 660 261 18
35 36 654 32 143 145 261 18
35 36 87 41 252 10 462
35 36 87 41 252 4 460 461
35 36 87 41 252 661 466
